  -1.3659715e+00  -1.6561082e-01
   2.1511641e-01   4.9608736e-01
  -3.1929345e-01  -9.2646056e-01
   1.8542268e+00  -1.0476303e+00
   5.9353048e-01  -2.6595898e+00
   1.3083410e+00  -2.1481337e+00
  -1.3972810e+00   7.7641160e-01
   6.8018594e-01  -1.5625138e+00
  -1.2993475e+00   2.0593077e+00
  -4.6481912e-01  -1.9904309e+00
   1.4284459e+00  -1.1851001e-01
  -2.2589350e+00  -1.4933250e+00
  -3.0959471e-01   1.0675657e+00
  -2.4719097e-01   5.8164190e-01
  -1.5035640e+00   5.4550314e-01
  -4.5004839e-01   1.4125870e+00
   1.3521731e+00  -4.7342777e-01
   2.1892455e+00  -3.9549721e+00
  -5.2993720e-01   6.1977302e+00
  -3.9584889e-01  -1.2104324e+00
  -2.1923844e+00   5.8252946e+00
   2.4310086e+00  -3.3817894e+00
   2.2645587e-01   2.1829621e-01
   6.7534276e-01  -1.9323708e+00
  -5.6979161e-01   4.3642827e+00
  -1.5382886e+00   2.2279614e+00
   5.1696935e-01  -1.9509241e+00
  -1.1559078e+00   3.0571625e+00
   1.8274616e+00  -2.9179602e+00
  -4.3572735e-01  -5.1625273e-01
   1.2821071e+00  -1.9126711e+00
   3.2519512e-01  -1.5367183e+00
   1.7493606e-01  -1.5839004e-01
   4.7007296e-01   8.0465729e-01
   2.7689888e-01  -5.3672407e-01
   1.3000213e+00  -1.5930573e+00
   5.8566735e-01  -2.7794395e-01
   1.9660871e+00  -2.7001326e+00
   2.0314399e-01   1.9675787e+00
   4.1223712e-01   1.0608655e+00
  -5.9297315e-01  -5.6503432e-01
   3.5051906e+00  -2.6472909e+00
  -3.8152723e-01  -3.1780648e+00
   1.2102626e+00  -2.2377146e+00
   1.8475853e+00   2.5238047e-01
  -2.8317310e+00   4.3357730e+00
  -1.4236079e+00   6.6420373e-01
  -4.3951681e-01   4.2083781e-01
  -1.6149181e+00   2.6658615e+00
   7.7364567e-01  -6.9982295e-01
  -1.8539586e+00   1.9065072e+00
   1.1733976e+00  -1.7342777e+00
  -1.3907470e+00   8.6802483e-01
  -7.5962502e-01  -1.3031011e+00
  -2.5534826e-01  -5.8466061e-01
  -2.8783170e-01  -4.5166558e-01
  -1.7530693e+00   7.8103905e-01
  -7.8691239e-01   3.1634374e+00
   1.6795758e+00   3.2842459e-01
   1.4378796e+00   8.3343226e-01
  -3.2343686e+00   6.1275504e+00
  -2.0665188e+00   3.2941500e+00
   2.2647765e+00  -1.2638022e+00
   1.2069086e+00  -3.7186377e+00
  -2.0786422e+00   2.8995830e+00
   2.2310514e+00  -4.0703718e+00
   8.7321112e-01  -3.3574891e+00
   1.4889151e+00   1.6086220e+00
  -6.0810761e-01   9.6803123e-02
   1.3422751e+00  -3.8784537e+00
   7.1088792e-01  -2.4517581e+00
   3.6523336e-01  -4.0537151e-01
  -2.0074676e+00   2.3330545e+00
  -1.3498419e+00   3.4784367e-01
  -4.4790958e-01   6.2084136e-01
  -1.7912583e-01   2.5667897e-01
  -3.3986308e-01  -2.6492842e+00
   1.7715266e+00  -4.6676820e+00
  -9.7366125e-01  -5.6505136e-02
  -4.6281169e-01   1.6189004e+00
  -6.3893373e-01   1.2114364e+00
  -4.9170884e-01  -1.4104220e+00
  -8.2346502e-01  -9.3451500e-02
  -1.7003688e+00   2.3189243e+00
  -2.3785704e+00   1.3538676e+00
  -1.7676961e+00   8.9781716e-01
   3.8182473e-01  -4.9029784e+00
   3.2165332e-01  -1.3638797e+00
  -1.3479594e+00   1.6969910e+00
   5.1065027e-01  -2.4020396e+00
   1.9462804e-01  -1.7472376e+00
  -1.6902525e+00  -1.2560246e+00
  -3.4058832e-01   1.6325148e-02
  -8.2859200e-01  -3.3162523e+00
  -1.2604435e+00   1.2566853e+00
   1.9558726e+00  -3.1037303e+00
  -1.2042168e+00  -1.2204575e-01
  -2.3476271e+00   4.8549128e+00
  -2.4423752e+00   4.7697698e-01
  -2.4965529e+00   2.3858499e+00
  -1.7793893e+00   2.4646991e+00
   2.2142683e+00  -6.1787833e+00
   7.1641760e-01   2.1146077e+00
  -1.0065719e+00   1.3133065e+00
   1.4625435e+00   2.0049360e+00
   1.5435725e+00  -4.6609810e+00
  -2.1278379e+00   1.4178302e+00
   8.1905389e-01  -1.5789284e+00
  -7.9016088e-01   1.6983569e+00
   8.2667345e-02   1.8948201e+00
   6.0002816e-01   7.8932066e-01
   6.5298449e-01  -7.2195636e-01
   1.8567980e+00  -3.5238654e+00
   2.2346219e+00  -2.2497035e+00
   4.0838053e+00  -4.6658829e+00
  -1.2858064e+00   1.1055409e+00
   1.0081007e+00  -2.9170097e+00
  -1.1668022e-01  -1.7521829e+00
  -1.0680222e+00   1.2918348e+00
   2.8462635e+00  -3.3679429e+00
  -1.9532311e+00   1.6689161e-01
  -3.6685802e-01   3.0491754e-01
   3.1368225e-01  -4.2520843e+00
  -1.3149987e-01  -1.4524901e+00
   1.8968370e+00  -1.8735604e+00
   3.3854075e+00  -5.9055999e+00
   2.6691844e+00  -1.6905219e+00
  -1.2516596e+00   3.5390675e+00
  -1.3581589e+00   3.8556367e+00
   5.4047189e-01  -1.3882631e+00
  -6.0559295e-01  -1.0024619e+00
  -8.3895633e-01   2.4877672e+00
  -1.3702976e+00   2.5686245e+00
   3.2161213e-01   5.4866632e-01
   5.5780413e-02   1.1875482e+00
  -7.4911056e-01  -5.6721864e-01
  -2.0713998e-01   3.4468776e-01
  -5.4586226e-02   1.8151353e+00
   1.4865683e+00  -3.3330847e+00
  -2.0606482e+00   3.2704491e+00
  -1.0366475e+00   4.4316144e+00
  -6.5616964e-01   8.4087775e-02
  -1.6236377e+00   5.1702760e+00
  -6.7346135e-01  -8.5810109e-02
  -2.7182014e+00   3.0222726e+00
   1.1732806e+00  -2.9770049e+00
  -2.2242454e+00   5.3860152e+00
   3.5651005e+00  -4.9631547e+00
   9.9601931e-01  -4.0823922e+00
   1.4967269e+00  -1.7764622e+00
  -4.0496992e-01  -1.9547367e+00
   1.3956481e+00   4.5379578e-01
  -1.4574121e-01   5.0236010e-01
   2.2405141e-01   1.2589141e+00
   1.5434245e+00  -3.9677370e+00
  -1.7570081e+00  -8.9638533e-01
   1.4557634e+00  -1.1839024e+00
   6.8037834e-01  -3.1268043e+00
   5.3556890e-01   3.8046194e-01
   4.3234821e-01  -1.6673069e-02
  -1.3554187e+00   2.2775588e+00
   8.4979416e-01   1.7302183e+00
  -2.5521015e-01  -8.4823188e-02
  -2.2688251e+00   9.7638490e-01
   4.7395000e-01   3.9504530e-01
  -3.1647919e+00   4.1830604e+00
  -1.7529032e-01  -5.9186977e-01
  -1.4499022e+00   7.4584261e-01
  -1.0276254e+00  -6.2948805e-01
   1.6496494e+00  -1.8642764e+00
   1.0553589e+00  -8.8177237e-01
  -9.4371694e-01   2.2576067e+00
   1.2689372e+00   8.5258864e-01
  -6.9899899e-01   9.4377062e-01
   7.2912468e-01  -2.2080318e+00
  -9.2130491e-01  -9.8461816e-01
   3.7016376e+00  -3.7487055e+00
   1.1681286e-01   7.1998822e-01
   1.1384851e+00  -4.7356099e-01
   7.4998330e-01  -1.8305914e+00
   2.3512873e+00  -4.3746906e-01
  -9.3202925e-01  -4.5250633e-01
  -7.1284486e-01   1.4573012e+00
  -6.8934619e-01  -1.1028996e-01
  -3.2825179e-01  -2.8156793e-01
   1.2810040e+00   5.0539644e-02
  -2.1355414e-01   2.5768363e+00
  -2.0432988e-01  -1.9243221e+00
  -1.6338242e+00   6.1173905e-01
   8.9754018e-01   1.1894344e+00
   5.2507825e-01  -3.7299806e+00
   2.1593814e-01  -8.3640738e-01
   1.9146067e+00  -3.4820207e+00
  -9.6241689e-01  -1.2470709e+00
   1.2661931e+00  -2.7671455e+00
  -3.0392373e+00   1.9148340e+00
  -1.5142997e+00   9.7129568e-01
  -3.7693565e-01  -2.6790307e-01
   1.4233105e+00  -5.2673283e-01
  -3.2598663e-01   3.3357820e+00
   1.3052774e+00  -5.9103918e+00
   1.2369411e+00  -7.1581623e-01
  -1.6189230e+00   3.2259064e+00
  -3.4812169e-01   1.0242524e+00
  -4.1836600e+00   6.5954469e+00
  -8.0774173e-01  -6.3894717e-01
  -4.4161945e-01   2.5695155e+00
   1.3055884e+00   1.5085583e+00
   2.2641739e+00  -7.4882230e-02
   7.3985147e-01  -4.9325868e+00
  -2.8157359e+00   5.8040061e+00
  -1.4587024e+00   2.5528505e+00
  -9.3865264e-01   4.5506712e-01
  -7.2013729e-01   2.4048641e+00
   1.9974314e+00  -1.5926972e+00
   4.1683943e-01  -1.3467237e+00
   1.2482997e+00  -4.1233777e+00
   1.5197764e+00  -2.0087489e+00
   1.1354600e+00   1.4822618e+00
  -1.6725363e-01  -2.1608443e+00
   1.4236436e+00  -1.0117897e+00
  -1.1534370e+00   2.6869246e+00
   2.1098899e-01  -1.3479638e+00
  -2.2656165e+00   2.8756041e+00
  -1.1412491e+00   8.0694297e-02
   2.4499211e-01   1.5487624e+00
  -1.5294192e+00   3.3297709e-01
   1.1016955e-01   3.2090825e+00
  -3.5226684e+00   2.7281708e+00
  -6.3998885e-01   2.1107190e+00
   1.7024835e-01   6.8869978e-01
  -5.4660152e-01   2.7816738e-01
  -4.1786859e-01   4.9083702e-01
   2.8585660e+00  -2.5218274e+00
   1.3843438e+00  -4.4323633e+00
  -2.3704055e+00   6.1549278e+00
   7.9282250e-01  -3.2882862e-01
   1.5904048e+00  -1.4139902e+00
   5.1776709e-01  -2.3045533e+00
   8.6406919e-01  -3.7473647e-01
  -9.4543799e-01   1.0292404e+00
   3.1579121e-01  -1.2538725e+00
   9.2929347e-02  -4.0606083e-01
  -5.7774574e-01   8.3156327e-01
   9.7690761e-01   2.3446012e-01
   2.2130500e-02  -1.4407714e+00
   1.8967818e+00  -1.2802883e+00
  -5.3089688e-01  -9.4111253e-01
   3.4573755e+00  -6.3578130e+00
   1.0199417e+00  -1.3998918e+00
  -1.5629081e+00  -4.5449808e-01
   8.0754413e-01  -2.2366933e+00
  -1.9538736e+00   5.0989705e+00
  -1.9160575e-01  -1.9769677e-01
   1.1406176e+00  -6.8044664e-01
  -2.7081167e+00  -3.0533109e-02
   3.2448588e-01   3.0846920e+00
   1.1035301e+00  -2.5674259e-01
   3.1807500e+00  -4.2073797e+00
  -5.1518902e-01   1.9181602e+00
   3.8506179e-01  -1.5069010e+00
  -1.9883059e+00   1.9503993e+00
   2.0985938e+00  -4.2634849e+00
  -9.2384356e-01   2.0752949e+00
   9.0631901e-01  -3.7739893e+00
  -1.1675777e+00   1.7382253e+00
   1.1322363e+00   1.3745194e+00
   1.5415513e+00  -2.6635598e+00
   5.5746187e-01  -1.5245353e+00
   2.1229898e+00  -6.5927713e+00
  -6.4097872e-01   1.2787003e+00
  -5.7845829e-01   2.2917389e+00
   1.2621932e+00   4.7669505e-01
   2.3656102e+00  -2.8254821e+00
  -8.3795757e-01   3.8432927e+00
  -8.0983557e-01  -8.2812234e-01
   9.3707677e-01  -3.3047107e+00
  -1.5973747e+00   2.6025628e+00
  -1.2396351e+00  -1.7721864e-01
   2.3502151e+00   5.9247379e-01
   2.9287833e+00  -3.8901844e+00
   1.5751223e+00   6.8758802e-02
  -1.9532508e-01   1.7828878e+00
   1.1539318e+00  -4.8717883e-01
   1.6403401e+00  -7.8148707e-01
  -1.6759989e-01   1.0720662e+00
   3.6219952e+00  -4.3478702e+00
  -6.9874861e-01  -6.0182487e-02
   4.1189412e-01   1.6966041e+00
  -1.4427591e+00  -6.0675353e-01
   1.1124719e+00  -3.6388518e+00
   1.2359679e+00  -9.4669729e-02
  -1.4299773e+00  -1.4284624e+00
   3.3425564e-01   1.4936553e+00
   6.2939528e-01  -2.0900914e+00
   3.9972070e-01   4.5521813e-01
   1.5378079e-01  -4.6440855e-01
  -1.0549761e+00  -1.5950473e+00
  -2.4646164e+00   1.2773791e+00
   4.5930968e-03  -6.5530207e-01
   2.0216631e+00   2.6356985e-01
  -1.5476091e+00  -1.7167438e+00
  -6.6246567e-01   1.3515955e+00
   2.5015022e-01   1.9927389e-01
   2.9167679e-01   1.4585170e+00
  -1.3676945e+00  -7.2845266e-01
  -1.3560774e+00   4.8960674e+00
   1.0564061e+00  -1.9903925e+00
  -1.1015554e+00  -5.3353120e-02
  -6.4931002e-01   7.8545213e-01
  -7.2784891e-01   1.9660422e+00
  -3.8984845e-01  -6.9441916e-01
  -2.7029608e-01   3.1552774e+00
   4.5681445e+00  -4.8858045e+00
  -8.7419702e-01   2.4534513e-01
   1.2674471e+00  -1.3401080e+00
  -1.9249572e+00   3.7070835e+00
  -4.5213095e-01  -1.7721067e+00
  -8.8906751e-01   3.0389631e+00
  -2.7610415e+00   2.2738077e+00
   3.1950969e-01   6.2857118e-02
   1.5765089e+00   7.9640518e-01
   9.4407545e-01  -3.3299626e+00
  -1.4258769e+00   3.2557447e+00
  -7.5664455e-01   2.0316611e-02
  -1.2568862e+00   4.0896048e+00
  -2.9190053e-01  -1.0565160e+00
  -1.8147044e-01   1.4075709e+00
  -1.6362933e+00   4.0367789e-01
  -2.8065895e+00   2.7920234e+00
   7.5689983e-01  -2.6202945e+00
   4.5315213e-01   5.6405316e-01
   2.8265981e-01   1.9277547e+00
   1.2538087e-01  -4.2945461e-01
   1.9052625e+00  -4.2184649e+00
   2.4204403e+00  -3.9017572e+00
  -9.1950136e-01  -2.1325595e+00
  -1.8956321e+00   3.7504588e+00
   3.4710594e-01   1.2577022e-01
   3.1701653e-01  -2.1575130e-02
  -3.6143174e-01  -1.4019266e+00
  -1.6015367e+00  -5.6539157e-01
   4.9312765e-01  -4.2317245e+00
  -1.2575490e+00   1.2183310e+00
   7.6146602e-01  -2.2626811e+00
  -1.4467436e+00   5.7294216e-01
  -3.6334897e-01   9.5846564e-01
  -2.1613703e+00   2.7013409e+00
  -1.1271058e+00   3.1083175e+00
  -2.0805391e+00   3.4980818e+00
   3.8816132e-01  -3.1644359e+00
  -1.3752598e+00   1.1614750e+00
  -2.6066840e+00   2.6916850e+00
   1.5504847e-01  -2.0693688e+00
  -2.5014085e-01  -1.0034826e+00
   9.2209902e-01   1.3591037e+00
  -1.4180303e+00   2.0129230e+00
   6.8063736e-01   2.5878279e-01
   1.0118192e+00  -2.7868294e+00
  -6.3075107e-01   2.9483965e+00
   1.5612123e-01   1.3773261e+00
  -1.1233056e+00   8.1710887e-01
   8.0995806e-01  -4.7619575e+00
  -1.3484168e+00  -4.4165730e-01
  -3.5903457e-01  -1.8708384e+00
   1.1869754e+00  -1.2001972e+00
   1.0239579e+00  -4.2298687e+00
   1.4288770e+00  -4.4082923e+00
  -2.6566438e-01   3.7762791e+00
  -1.3780596e+00  -5.1880476e-01
  -9.8283732e-01   1.8849141e+00
  -2.2272153e+00   4.4453790e+00
   8.7115176e-01   1.5774110e-01
  -1.9750144e+00  -1.8417670e+00
   2.4429513e+00  -4.4028156e+00
  -4.8295057e-01  -2.8072472e-01
   1.4850036e+00   2.9277290e-01
   1.8357104e+00  -4.8416902e+00
  -3.9158010e-01  -1.1800931e+00
  -2.4487500e-01  -2.5976887e+00
   1.2701292e+00  -1.8656630e-01
  -1.4420949e+00   3.3732296e+00
   1.8350181e+00  -1.2384968e+00
   1.1863518e+00  -2.4117877e-01
  -8.7336405e-01   2.0047399e+00
  -2.3082360e-01  -8.0433521e-01
  -4.3671639e-01   1.9711233e+00
   1.8468507e+00  -1.8998937e+00
  -1.9950028e+00   1.5019833e+00
  -5.5697253e-01  -1.1627171e+00
  -1.8818933e+00   5.5357985e+00
   7.3421903e-01  -1.3465019e+00
   4.1751222e-01   3.1288942e-01
   1.7829451e+00  -9.1428128e-01
   1.2813035e+00  -1.7797344e+00
  -2.2507501e+00   5.9068078e-01
  -1.7561430e+00  -1.8081862e-01
   1.0693733e+00  -7.8108849e-01
   3.6966847e+00  -3.4243209e+00
   2.4722078e-01  -4.6640065e-01
  -8.7547811e-01   1.2376908e+00
  -1.6305083e+00  -7.0477101e-01
   6.4842211e-01  -8.6143394e-01
  -5.4661508e-01   2.5535701e+00
   2.1413335e+00  -4.3934603e+00
  -8.4651102e-01   1.1026167e+00
   3.5804497e-01  -1.6496851e+00
   1.9085020e+00  -1.3912663e+00
  -3.8155892e+00   7.3818292e+00
  -2.5840416e+00   3.0381869e+00
  -2.1755466e+00   1.5383864e+00
  -7.4641260e-01   2.7118181e-01
  -4.4671988e-01  -1.3724287e+00
  -3.3801955e-01   3.6560879e+00
   1.0313313e+00  -6.7280312e+00
  -1.3723126e+00   5.8423898e-01
   2.8807798e-01   3.7520517e+00
  -1.9626098e-01   8.9306126e-01
   9.8451709e-01  -2.7032229e+00
  -2.4032938e-01   2.3340078e-02
  -1.3531465e+00   1.6425174e+00
   5.1525390e-01   2.1596910e+00
   2.3234007e+00  -1.4853337e+00
  -1.0341033e+00   2.4947485e-01
   2.4622254e+00   1.7291750e+00
  -2.5881837e-01   2.7999916e+00
  -4.2527560e-01  -9.9084753e-01
  -8.0179356e-01   7.1756871e-01
  -1.0564252e+00   1.4964718e+00
   2.5063475e+00  -1.6749817e+00
  -5.9772646e-01   2.2201973e+00
  -2.1346226e-01   1.5555526e+00
  -3.1135231e-01   2.0167999e+00
  -2.3365096e+00  -1.1572719e-02
   3.5980389e+00  -2.8736835e+00
  -3.9532827e-01  -2.8897886e+00
   4.9492951e-01   8.5969360e-01
   9.5875638e-01  -2.9713362e+00
   1.4241711e+00   1.8976380e+00
   1.9130190e+00  -1.8224265e+00
  -8.8779845e-01   9.7200165e-01
   3.2795821e+00  -4.9702754e+00
  -2.4590687e-01  -1.6226919e+00
  -1.5279395e+00   1.0609327e+00
   2.3240163e+00  -3.5479801e+00
   2.8636781e+00  -1.1756405e+00
  -4.9835244e-01   1.6409302e+00
   1.9705358e+00  -1.2414679e+00
   9.0853137e-01   2.6664138e+00
  -3.9677437e-01   6.3393239e-01
  -4.5626606e-01   9.1860948e-01
   1.2147329e+00  -1.0268163e+00
  -1.5775361e+00   5.1342743e-01
  -2.6176896e-01  -2.9548753e+00
   1.6997372e+00  -2.9597753e+00
  -3.2276117e-01  -1.1356448e-03
  -1.8445955e+00   1.0501627e+00
   2.3742882e+00  -4.3921356e+00
   3.4197981e-01  -7.4276712e-01
   8.1156686e-01   4.6291401e-01
  -1.3873603e+00   3.5734570e+00
   7.7154245e-02   3.2695981e+00
  -1.7342102e+00   8.1393846e-01
  -3.4189757e-01   7.7612142e-02
  -1.0709560e+00  -1.5868066e-01
   1.2102816e+00  -3.9945423e+00
   2.6229961e+00  -4.6947848e+00
  -1.1795124e+00   5.9085758e-01
  -1.7901935e-02  -1.2623390e+00
   1.9888350e-01  -5.3254229e+00
   1.9768009e-01  -7.6379052e-01
  -6.3033843e-01   1.0670679e+00
   2.0727951e-01  -1.2581805e+00
  -8.2357771e-01  -1.6154248e+00
   6.4489618e-01  -7.6092713e-01
  -1.1115133e+00   3.1687076e+00
   2.3507048e-01  -6.1803313e-01
   2.9045648e-01  -8.1382799e-02
  -6.8840049e-01   4.2683071e+00
  -2.5964883e+00   5.0632625e+00
  -1.2330820e+00   2.6251024e+00
  -9.3719028e-02   2.7213632e-01
  -3.6082575e+00   5.1838400e+00
   1.9511378e+00  -1.8221524e+00
   6.7298614e-01  -6.5172656e-02
  -2.4497334e-01  -1.3046956e+00
   3.8777220e-02  -1.9621587e+00
   6.1171222e-01  -5.2454932e-01
  -1.3942505e-01   1.5378054e+00
  -1.0002930e+00  -1.1202872e+00
  -2.3779574e-01  -4.9857994e-02
  -3.2322388e-01   2.4489905e+00
  -2.3177007e+00   1.7293818e+00
  -9.0485867e-01   4.7029006e+00
   1.6067489e+00  -4.4074171e+00
  -4.7791539e-01   5.7363801e+00
   4.9392906e-01   1.5444176e+00
  -1.2600921e+00   1.9484024e+00
  -1.3494577e+00   6.7002726e-01
  -9.6958656e-01  -1.3500449e+00
   7.9388207e+00   8.1671634e+00
   1.1161104e+01   1.1352835e+01
   9.4144645e+00   9.0377763e+00
   1.3278815e+01   1.2352431e+01
   1.0114811e+01   8.6923162e+00
   1.1688038e+01   1.0351840e+01
   8.3988266e+00   9.0905973e+00
   1.0873191e+01   9.9625909e+00
   9.2795117e+00   1.0570648e+01
   8.5677735e+00   7.7085276e+00
   1.3018345e+01   1.2638249e+01
   5.5957475e+00   5.3826094e+00
   1.0525579e+01   1.1112690e+01
   1.0371943e+01   1.0709555e+01
   8.0799781e+00   8.6838962e+00
   1.0460788e+01   1.1246770e+01
   1.2685760e+01   1.2150957e+01
   1.2290235e+01   9.8797322e+00
   1.2940603e+01   1.6062756e+01
   9.1202769e+00   8.6233146e+00
   9.7298211e+00   1.3047095e+01
   1.3041810e+01   1.0854367e+01
   1.1029264e+01   1.1083859e+01
   1.0661593e+01   9.5729128e+00
   1.1863018e+01   1.4105974e+01
   8.9398818e+00   1.0366697e+01
   1.0365001e+01   9.3031085e+00
   1.0086171e+01   1.1828307e+01
   1.2204673e+01   1.0378270e+01
   9.4288627e+00   9.2771986e+00
   1.1769728e+01   1.0553524e+01
   1.0245339e+01   9.4274268e+00
   1.0729506e+01   1.0613257e+01
   1.1791420e+01   1.2075040e+01
   1.0706417e+01   1.0383855e+01
   1.1977410e+01   1.0911993e+01
   1.1406746e+01   1.1139796e+01
   1.2574839e+01   1.0822645e+01
   1.1946455e+01   1.2853743e+01
   1.1827335e+01   1.2248139e+01
   9.1177312e+00   8.9779569e+00
   1.5387282e+01   1.3313004e+01
   8.0670780e+00   6.6136769e+00
   1.1461536e+01   1.0104096e+01
   1.3979763e+01   1.3684659e+01
   7.7566738e+00   1.0496789e+01
   8.2896769e+00   8.9330365e+00
   9.9359337e+00   1.0239092e+01
   9.0414532e+00   1.0697716e+01
   1.1515334e+01   1.1001545e+01
   8.1927002e+00   9.5350995e+00
   1.1670963e+01   1.0565737e+01
   8.4608864e+00   9.1955623e+00
   8.4115673e+00   7.9518891e+00
   9.7175609e+00   9.4920097e+00
   9.7317526e+00   9.5779678e+00
   7.7579227e+00   8.5323073e+00
   1.0811782e+01   1.2522046e+01
   1.3717623e+01   1.3497311e+01
   1.3557475e+01   1.3636409e+01
   8.0111614e+00   1.1710244e+01
   8.5693045e+00   1.0631953e+01
   1.3902738e+01   1.2778889e+01
   1.0643294e+01   8.5691909e+00
   8.3309887e+00   1.0205231e+01
   1.2302552e+01   9.8267015e+00
   1.0237867e+01   8.4141007e+00
   1.4074906e+01   1.4517846e+01
   9.4533291e+00   9.6375954e+00
   1.0800457e+01   8.6183527e+00
   1.0441032e+01   9.0927083e+00
   1.0938207e+01   1.0659322e+01
   8.1490091e+00   9.7327232e+00
   8.2495825e+00   8.7230204e+00
   1.0030442e+01   1.0432386e+01
   1.0316821e+01   1.0481631e+01
   8.4324241e+00   7.2257746e+00
   1.1143923e+01   8.4825167e+00
   8.7081486e+00   8.9007242e+00
   1.0550853e+01   1.1439665e+01
   1.0008873e+01   1.0740078e+01
   8.8372352e+00   8.2650443e+00
   8.9595156e+00   9.1002636e+00
   8.6966467e+00   1.0204142e+01
   6.9408601e+00   8.1340469e+00
   7.7955143e+00   8.6297752e+00
   8.5016105e+00   6.0401486e+00
   1.0333722e+01   9.6003409e+00
   8.9928937e+00   1.0119490e+01
   1.0106169e+01   8.8271655e+00
   9.8937545e+00   9.0033532e+00
   6.7543491e+00   6.5277044e+00
   9.8930005e+00   9.9778476e+00
   7.1827775e+00   5.7634241e+00
   8.9096911e+00   9.8032150e+00
   1.2335023e+01   1.0389617e+01
   8.2552455e+00   8.4681528e+00
   8.9168831e+00   1.1799133e+01
   6.3445603e+00   7.1273580e+00
   7.2934546e+00   9.0132289e+00
   8.6336851e+00   1.0229651e+01
   1.1115894e+01   7.6224313e+00
   1.2955343e+01   1.3817910e+01
   9.3998694e+00   1.0263474e+01
   1.4244562e+01   1.4885450e+01
   1.0735344e+01   8.1286786e+00
   7.4293876e+00   8.5969204e+00
   1.1115331e+01   1.0165409e+01
   1.0002419e+01   1.1003671e+01
   1.1688671e+01   1.2587927e+01
   1.2018032e+01   1.2264866e+01
   1.1284981e+01   1.0787726e+01
   1.1925434e+01   9.7988777e+00
   1.3307510e+01   1.1712861e+01
   1.5326657e+01   1.2143781e+01
   8.7809309e+00   9.6069636e+00
   1.0723384e+01   9.0825332e+00
   9.3280426e+00   8.5055698e+00
   9.2769611e+00   1.0144045e+01
   1.3800391e+01   1.1525850e+01
   7.0591168e+00   7.5811990e+00
   1.0003763e+01   1.0234351e+01
   8.7353420e+00   6.6045938e+00
   9.4656005e+00   8.7916591e+00
   1.2902914e+01   1.1566790e+01
   1.3383715e+01   9.7580351e+00
   1.4400084e+01   1.2978159e+01
   1.0177293e+01   1.2174514e+01
   1.0158304e+01   1.2332943e+01
   1.0716083e+01   9.9214577e+00
   8.8550119e+00   8.5061802e+00
   1.0347106e+01   1.1741803e+01
   9.4305211e+00   1.0984419e+01
   1.1382537e+01   1.1575682e+01
   1.1252160e+01   1.1814858e+01
   8.8341594e+00   8.7285982e+00
   1.0314424e+01   1.0528198e+01
   1.1396747e+01   1.2288406e+01
   1.1360505e+01   9.4100045e+00
   8.5669232e+00   1.0616764e+01
   1.1055637e+01   1.3436674e+01
   9.3594356e+00   9.5483993e+00
   1.0399168e+01   1.3270645e+01
   9.2349873e+00   9.3455515e+00
   7.2416345e+00   9.3197889e+00
   1.0989208e+01   9.2819794e+00
   9.4312885e+00   1.2542955e+01
   1.4225550e+01   1.1015838e+01
   1.0062409e+01   7.8597279e+00
   1.2232568e+01   1.1033866e+01
   8.6955862e+00   7.8401122e+00
   1.3272897e+01   1.3177460e+01
   1.0511935e+01   1.0788222e+01
   1.1595617e+01   1.2154874e+01
   1.1115269e+01   8.8444734e+00
   6.8308571e+00   6.7935168e+00
   1.2483460e+01   1.1581073e+01
   1.0015643e+01   8.3471908e+00
   1.1677229e+01   1.1740557e+01
   1.1272756e+01   1.1167012e+01
   9.2978018e+00   1.0707334e+01
   1.2985745e+01   1.3631968e+01
   9.9919342e+00   1.0008494e+01
   6.9323131e+00   7.9178400e+00
   1.1573790e+01   1.1658101e+01
   7.0705829e+00   9.8119558e+00
   9.8583917e+00   9.6112631e+00
   8.2868966e+00   8.9757454e+00
   8.2963162e+00   8.2235054e+00
   1.2460968e+01   1.1185180e+01
   1.1925026e+01   1.1259454e+01
   1.0031421e+01   1.1338284e+01
   1.3262449e+01   1.3388827e+01
   9.7534509e+00   1.0368556e+01
   1.0607678e+01   9.3733067e+00
   8.2938340e+00   8.0249656e+00
   1.5138512e+01   1.2486286e+01
   1.1106115e+01   1.1428520e+01
   1.2299233e+01   1.1812638e+01
   1.0852399e+01   9.7961634e+00
   1.4512375e+01   1.3769293e+01
   8.5662628e+00   8.5575942e+00
   1.0010044e+01   1.0877052e+01
   9.1928343e+00   9.2951278e+00
   9.7519389e+00   9.6896873e+00
   1.2844408e+01   1.2579514e+01
   1.1526991e+01   1.2823560e+01
   9.0751230e+00   8.1890587e+00
   7.8807285e+00   8.5461598e+00
   1.2775514e+01   1.3148972e+01
   9.4039858e+00   7.4784123e+00
   1.0431816e+01   9.9778452e+00
   1.2052930e+01   9.9335857e+00
   8.0755475e+00   7.6888231e+00
   1.1272332e+01   9.6457793e+00
   6.0536948e+00   7.6678812e+00
   8.2940782e+00   9.1066932e+00
   9.6713885e+00   9.6267544e+00
   1.2785178e+01   1.2208482e+01
   1.1739882e+01   1.3429515e+01
   9.6191799e+00   6.4610777e+00
   1.2344431e+01   1.1718236e+01
   9.3413531e+00   1.1269830e+01
   1.0432149e+01   1.1006980e+01
   6.5509780e+00   1.0691173e+01
   8.6887874e+00   8.5617226e+00
   1.1110521e+01   1.2455063e+01
   1.3688483e+01   1.4124361e+01
   1.4553682e+01   1.4005932e+01
   9.1328625e+00   6.5761791e+00
   8.5908171e+00   1.2038593e+01
   9.2619905e+00   1.0828218e+01
   9.0520207e+00   9.4845150e+00
   1.0516523e+01   1.1844218e+01
   1.3238871e+01   1.2016084e+01
   1.0515275e+01   9.7687020e+00
   1.0496180e+01   8.2166534e+00
   1.2146861e+01   1.0830423e+01
   1.3366385e+01   1.3827955e+01
   9.0124605e+00   8.0034395e+00
   1.2519763e+01   1.1708010e+01
   9.8875914e+00   1.1449810e+01
   1.0142315e+01   9.4416428e+00
   7.9796958e+00   9.8845593e+00
   8.4803102e+00   8.7772089e+00
   1.1792448e+01   1.2487390e+01
   7.9166645e+00   8.4234668e+00
   1.2459184e+01   1.3988910e+01
   5.6254662e+00   7.7428736e+00
   1.0500155e+01   1.1667248e+01
   1.1185594e+01   1.1480770e+01
   9.6640273e+00   9.9222600e+00
   1.0013474e+01   1.0345652e+01
   1.4286671e+01   1.2419245e+01
   1.0572760e+01   8.1128153e+00
   9.5886498e+00   1.3105827e+01
   1.1753478e+01   1.1415082e+01
   1.2600773e+01   1.1556506e+01
   1.0172504e+01   8.9391190e+00
   1.1857151e+01   1.1480420e+01
   9.3546407e+00   1.0066821e+01
   1.0383452e+01   9.7046863e+00
   1.0445368e+01   1.0227663e+01
   9.9111995e+00   1.0444556e+01
   1.2395317e+01   1.2288217e+01
   9.7498673e+00   9.0468980e+00
   1.3228180e+01   1.2179473e+01
   9.0237450e+00   8.6877597e+00
   1.3265864e+01   9.4048553e+00
   1.1576824e+01   1.0668254e+01
   7.4242285e+00   7.5571099e+00
   1.0733781e+01   9.4678096e+00
   9.7628323e+00   1.2674365e+01
   1.0045060e+01   9.9925708e+00
   1.2189628e+01   1.1602327e+01
   5.5856363e+00   6.1826056e+00
   1.2778555e+01   1.4199608e+01
   1.2354926e+01   1.1981263e+01
   1.3944940e+01   1.1188181e+01
   1.0620250e+01   1.1665868e+01
   1.0369960e+01   9.5529689e+00
   7.9738052e+00   9.3678166e+00
   1.1957095e+01   9.4176143e+00
   9.9673770e+00   1.1181432e+01
   1.0069323e+01   8.0363077e+00
   9.3417271e+00   1.0447551e+01
   1.3301466e+01   1.3711570e+01
   1.1827126e+01   1.0188551e+01
   1.0672074e+01   9.8075949e+00
   1.0723775e+01   7.0503796e+00
   1.0042064e+01   1.0806317e+01
   1.0710708e+01   1.1951596e+01
   1.3044103e+01   1.2989906e+01
   1.3228631e+01   1.1325460e+01
   1.1092316e+01   1.3143462e+01
   8.5812522e+00   8.3630161e+00
   1.0382312e+01   8.5696873e+00
   9.0384657e+00   1.0660101e+01
   8.1609336e+00   8.3551137e+00
   1.5075282e+01   1.4831390e+01
   1.3663217e+01   1.1117040e+01
   1.3386312e+01   1.3063803e+01
   1.1124536e+01   1.2032366e+01
   1.2319700e+01   1.1823018e+01
   1.3037961e+01   1.2288825e+01
   1.0784845e+01   1.1342059e+01
   1.4665882e+01   1.1741386e+01
   9.2033103e+00   9.3320019e+00
   1.2175370e+01   1.2904229e+01
   7.5580168e+00   7.5899978e+00
   1.0516262e+01   8.5021438e+00
   1.2683324e+01   1.2358258e+01
   7.1304866e+00   6.7615099e+00
   1.1923659e+01   1.2571740e+01
   1.0492000e+01   9.3372920e+00
   1.1472547e+01   1.1602777e+01
   1.0523418e+01   1.0263701e+01
   7.7173154e+00   7.1829256e+00
   6.7432981e+00   7.9188684e+00
   1.0148922e+01   9.8304289e+00
   1.4300718e+01   1.3971711e+01
   6.7596491e+00   6.2775898e+00
   1.0043183e+01   1.0847603e+01
   1.1061683e+01   1.1101711e+01
   1.1827384e+01   1.2468061e+01
   7.6270279e+00   7.5830957e+00
   1.0732667e+01   1.3410864e+01
   1.1318924e+01   1.0116054e+01
   8.4785812e+00   8.7015749e+00
   9.7564873e+00   1.0283672e+01
   1.0261916e+01   1.1378769e+01
   9.4141235e+00   9.1657841e+00
   1.1741605e+01   1.3331213e+01
   1.6081972e+01   1.2683145e+01
   9.0535716e+00   9.3699073e+00
   1.2057224e+01   1.1121704e+01
   9.0517813e+00   1.1282494e+01
   8.7104546e+00   7.9541078e+00
   1.0558769e+01   1.2231810e+01
   6.7536813e+00   8.4789253e+00
   1.1112304e+01   1.1070578e+01
   1.3787879e+01   1.3817559e+01
   1.0381121e+01   8.5546816e+00
   9.7068403e+00   1.1606164e+01
   9.1427534e+00   9.3235209e+00
   1.0469770e+01   1.2734875e+01
   9.3926788e+00   8.9467982e+00
   1.0943759e+01   1.1666639e+01
   7.7621571e+00   8.3273526e+00
   6.9555105e+00   8.9420892e+00
   1.0431814e+01   8.9914509e+00
   1.1628865e+01   1.1799749e+01
   1.2068419e+01   1.2938451e+01
   1.0491227e+01   1.0254858e+01
   1.1632146e+01   9.1581484e+00
   1.2737534e+01   1.0300584e+01
   7.6675355e+00   6.8421488e+00
   9.1286037e+00   1.1373704e+01
   1.1196715e+01   1.1179233e+01
   1.1061491e+01   1.0979425e+01
   9.0774999e+00   8.4799950e+00
   7.2935521e+00   7.3814382e+00
   9.0710341e+00   6.9096125e+00
   8.8938912e+00   9.7681808e+00
   1.0636196e+01   9.3680445e+00
   8.1977859e+00   8.8021610e+00
   1.0368532e+01   1.0914933e+01
   8.0726543e+00   9.8695483e+00
   1.0166314e+01   1.1926725e+01
   8.6557901e+00   1.0820399e+01
   9.4665311e+00   7.8458606e+00
   8.6498305e+00   9.5231674e+00
   7.2620107e+00   9.1548229e+00
   9.6455101e+00   8.6079959e+00
   9.4972859e+00   9.0676634e+00
   1.2912980e+01   1.3363085e+01
   9.0394359e+00   1.0334912e+01
   1.1872853e+01   1.1844463e+01
   1.0801503e+01   9.2228772e+00
   1.0976265e+01   1.2547078e+01
   1.1537705e+01   1.2169672e+01
   8.9166296e+00   9.5662249e+00
   9.3532274e+00   6.8633671e+00
   7.8191774e+00   7.9098261e+00
   8.8246721e+00   7.9994651e+00
   1.1988422e+01   1.1138859e+01
   1.0032056e+01   7.7516197e+00
   1.0666499e+01   8.2081555e+00
   1.2090554e+01   1.3979956e+01
   7.7232589e+00   7.7832304e+00
   9.7562773e+00   1.0891431e+01
   8.9100488e+00   1.1566702e+01
   1.2161984e+01   1.2041608e+01
   5.9181222e+00   5.4720468e+00
   1.2503452e+01   9.8186835e+00
   9.4726292e+00   9.4457324e+00
   1.3346187e+01   1.3152558e+01
   1.1164569e+01   8.4043665e+00
   9.1446359e+00   8.6614069e+00
   8.6325060e+00   7.4293938e+00
   1.2694706e+01   1.2317405e+01
   9.7419419e+00   1.1701843e+01
   1.3139400e+01   1.2124891e+01
   1.2513244e+01   1.2128411e+01
   1.0019975e+01   1.1188447e+01
   9.6414385e+00   9.3039277e+00
   1.0791214e+01   1.1844763e+01
   1.2798072e+01   1.1460482e+01
   7.7157711e+00   8.8940638e+00
   8.8550537e+00   8.4176044e+00
   1.0132576e+01   1.3239466e+01
   1.1089376e+01   1.0271215e+01
   1.1426666e+01   1.1483927e+01
   1.3223034e+01   1.2377352e+01
   1.1841181e+01   1.0689558e+01
   6.7534716e+00   7.5480642e+00
   7.2248567e+00   7.5339714e+00
   1.2005589e+01   1.1385626e+01
   1.5307455e+01   1.2813493e+01
   1.0691312e+01   1.0409521e+01
   9.5954823e+00   1.0392841e+01
   7.1647178e+00   7.1916274e+00
   1.1200237e+01   1.0636444e+01
   1.0911892e+01   1.2272428e+01
   1.1963108e+01   9.3510067e+00
   9.5737911e+00   1.0299171e+01
   1.0242794e+01   9.3627351e+00
   1.3188513e+01   1.2083396e+01
   7.6479047e+00   1.2085910e+01
   7.4929899e+00   9.5485472e+00
   7.4092226e+00   8.6459351e+00
   9.2988387e+00   9.5988244e+00
   8.9394340e+00   8.3754857e+00
   1.1893785e+01   1.3741305e+01
   8.6753353e+00   5.1830184e+00
   8.3385895e+00   8.9316233e+00
   1.3078708e+01   1.4831283e+01
   1.0634840e+01   1.1111812e+01
   1.0797979e+01   9.2660234e+00
   1.0078166e+01   1.0143763e+01
   8.9536382e+00   1.0055017e+01
   1.2616264e+01   1.3546114e+01
   1.3887266e+01   1.2642855e+01
   8.7666466e+00   9.1211055e+00
   1.5901249e+01   1.6182719e+01
   1.1567515e+01   1.2982415e+01
   9.1874848e+00   8.8035460e+00
   9.4434924e+00   9.9722371e+00
   9.4101623e+00   1.0373761e+01
   1.4114117e+01   1.2736504e+01
   1.0636627e+01   1.1847209e+01
   1.0967059e+01   1.1768855e+01
   1.1042985e+01   1.2090341e+01
   6.2680848e+00   6.7902936e+00
   1.5431038e+01   1.3226112e+01
   8.2002168e+00   6.8895865e+00
   1.1866556e+01   1.2171223e+01
   1.0604351e+01   8.9483291e+00
   1.4116321e+01   1.4713897e+01
   1.2960222e+01   1.1645214e+01
   9.4274904e+00   1.0098921e+01
   1.3705286e+01   1.0556622e+01
   9.1653529e+00   8.4348031e+00
   8.3185698e+00   9.1776900e+00
   1.2757172e+01   1.0513389e+01
   1.5034199e+01   1.3817768e+01
   1.0498659e+01   1.1406172e+01
   1.3382854e+01   1.2336293e+01
   1.3605405e+01   1.4691891e+01
   1.0130100e+01   1.0526834e+01
   1.0178633e+01   1.0726716e+01
   1.2133708e+01   1.1361868e+01
   7.9286088e+00   8.5336983e+00
   8.4060631e+00   7.0337311e+00
   1.1950752e+01   1.0132944e+01
   9.9156649e+00   9.9880261e+00
   7.7399921e+00   8.6654271e+00
   1.2385132e+01   9.7210483e+00
   1.0711117e+01   1.0274036e+01
   1.2221589e+01   1.2262512e+01
   9.9507390e+00   1.1995274e+01
   1.2432664e+01   1.3999165e+01
   7.8100722e+00   8.5961343e+00
   9.9242440e+00   1.0039077e+01
   8.4761558e+00   8.6412121e+00
   1.0498081e+01   8.2895560e+00
   1.2668939e+01   9.8020564e+00
   8.6908978e+00   9.2435846e+00
   9.7753256e+00   9.1678397e+00
   7.9390827e+00   5.3142972e+00
   1.0438622e+01   1.0023954e+01
   9.9452426e+00   1.0604568e+01
   1.0184846e+01   9.5285064e+00
   8.1246229e+00   7.5280888e+00
   1.1248980e+01   1.0734674e+01
   1.0227632e+01   1.2013777e+01
   1.0586179e+01   1.0233676e+01
   1.0980657e+01   1.0875618e+01
   1.1595879e+01   1.3819134e+01
   8.5810830e+00   1.1620483e+01
   9.7096488e+00   1.1259910e+01
   1.0479756e+01   1.0632761e+01
   6.8174300e+00   1.0143801e+01
   1.3029310e+01   1.1705823e+01
   1.1681350e+01   1.1497751e+01
   9.3414384e+00   8.7647284e+00
   9.4940307e+00   8.5347191e+00
   1.1318603e+01   1.0926304e+01
   1.1091222e+01   1.1867695e+01
   8.0765800e+00   7.7598311e+00
   1.0042604e+01   1.0072168e+01
   1.1258540e+01   1.2517949e+01
   7.2568842e+00   8.6182354e+00
   1.1442757e+01   1.3925446e+01
   1.0988660e+01   8.4905592e+00
   1.2781669e+01   1.5668572e+01
   1.2240267e+01   1.2876869e+01
   9.2896818e+00   1.0518223e+01
   8.4269711e+00   9.0564014e+00
   8.0061075e+00   7.5711178e+00
   1.3838537e+01  -1.2460592e+01
   1.3864426e+01  -7.9294834e+00
   1.4266359e+01  -1.0801538e+01
   1.4655052e+01  -5.7252146e+00
   1.5005856e+01  -1.0550595e+01
   1.4944835e+01  -8.2646953e+00
   1.3510844e+01  -1.1482352e+01
   1.4643892e+01  -9.1161195e+00
   1.3087029e+01  -9.8130599e+00
   1.4607579e+01  -1.2340160e+01
   1.4268768e+01  -5.7072908e+00
   1.4150711e+01  -1.6086372e+01
   1.3584850e+01  -8.5486754e+00
   1.3761272e+01  -8.9423719e+00
   1.3572965e+01  -1.1995393e+01
   1.3444227e+01  -8.4996813e+00
   1.4378163e+01  -6.2870313e+00
   1.5704483e+01  -8.1727085e+00
   1.1792305e+01  -3.3407703e+00
   1.4351405e+01  -1.1302628e+01
   1.1654333e+01  -7.7435305e+00
   1.5546756e+01  -6.9520932e+00
   1.3961395e+01  -8.2129031e+00
   1.4769813e+01  -9.5412858e+00
   1.2413990e+01  -5.4863920e+00
   1.2991089e+01  -1.0197429e+01
   1.4750871e+01  -9.9417890e+00
   1.2768124e+01  -8.3533666e+00
   1.5291463e+01  -7.8806902e+00
   1.4107243e+01  -1.0622060e+01
   1.4859987e+01  -8.0643198e+00
   1.4578351e+01  -9.9384965e+00
   1.4082200e+01  -8.7576296e+00
   1.3799450e+01  -6.9731067e+00
   1.4228086e+01  -8.9361680e+00
   1.4753364e+01  -7.6639900e+00
   1.4188762e+01  -7.9064298e+00
   1.5238989e+01  -7.3047226e+00
   1.3358451e+01  -6.3128542e+00
   1.3702447e+01  -6.8253119e+00
   1.4098835e+01  -1.1053659e+01
   1.5466736e+01  -3.5550755e+00
   1.5027710e+01  -1.3468381e+01
   1.4959855e+01  -8.6000382e+00
   1.4208670e+01  -4.2875425e+00
   1.2062446e+01  -1.0942095e+01
   1.3545076e+01  -1.1670945e+01
   1.3785635e+01  -9.5833452e+00
   1.2828845e+01  -9.8915417e+00
   1.4363304e+01  -7.9274041e+00
   1.3050780e+01  -1.1313795e+01
   1.4781513e+01  -8.1255212e+00
   1.3480506e+01  -1.1364248e+01
   1.4325042e+01  -1.2278531e+01
   1.4159489e+01  -1.0266025e+01
   1.4108742e+01  -1.0195208e+01
   1.3452427e+01  -1.2330310e+01
   1.2790661e+01  -7.3497348e+00
   1.4155784e+01  -4.6053783e+00
   1.3944185e+01  -4.6202625e+00
   1.1384354e+01  -9.9041029e+00
   1.2541487e+01  -1.0271903e+01
   1.4794682e+01  -4.9824829e+00
   1.5466612e+01  -1.0263964e+01
   1.2674710e+01  -1.0742156e+01
   1.5750691e+01  -8.2014970e+00
   1.5289597e+01  -1.0660310e+01
   1.3686794e+01  -3.6311135e+00
   1.3869704e+01  -1.0349920e+01
   1.5542981e+01  -1.0118071e+01
   1.4953408e+01  -1.0036802e+01
   1.4197201e+01  -8.5774829e+00
   1.2880145e+01  -1.1204948e+01
   1.3665229e+01  -1.1847800e+01
   1.3715783e+01  -9.3798374e+00
   1.3883461e+01  -9.1425158e+00
   1.4853230e+01  -1.2777224e+01
   1.5881899e+01  -9.9712535e+00
   1.3863828e+01  -1.1397889e+01
   1.3371515e+01  -8.2995981e+00
   1.3482960e+01  -9.1775179e+00
   1.4404600e+01  -1.1756105e+01
   1.3900476e+01  -1.1079050e+01
   1.2934040e+01  -1.0484366e+01
   1.3156290e+01  -1.3189673e+01
   1.3410088e+01  -1.2234809e+01
   1.5740516e+01  -1.3566666e+01
   1.4518579e+01  -9.7537311e+00
   1.3203376e+01  -1.0334746e+01
   1.4904392e+01  -1.0461353e+01
   1.4629609e+01  -1.0486969e+01
   1.4160262e+01  -1.4457412e+01
   1.3940004e+01  -9.7984310e+00
   1.5003634e+01  -1.4694895e+01
   1.3368183e+01  -1.0617220e+01
   1.5375610e+01  -7.7804952e+00
   1.3849452e+01  -1.2024014e+01
   1.1961942e+01  -9.2008071e+00
   1.3446478e+01  -1.4323158e+01
   1.2783936e+01  -1.2318676e+01
   1.2871482e+01  -1.0510850e+01
   1.6470251e+01  -1.0599246e+01
   1.3390073e+01  -4.9176939e+00
   1.3389340e+01  -9.9451593e+00
   1.3546824e+01  -3.2512132e+00
   1.5843191e+01  -1.0510364e+01
   1.3174430e+01  -1.2516931e+01
   1.4671697e+01  -8.8014868e+00
   1.3292008e+01  -8.9956936e+00
   1.3364130e+01  -6.6830954e+00
   1.3825462e+01  -6.6786402e+00
   1.4351612e+01  -8.2414817e+00
   1.5503703e+01  -8.4878339e+00
   1.5127587e+01  -6.1571682e+00
   1.6250634e+01  -4.4247095e+00
   1.3415907e+01  -1.0847038e+01
   1.5160257e+01  -9.8443441e+00
   1.4581576e+01  -1.1238974e+01
   1.3386879e+01  -1.0116517e+01
   1.5608343e+01  -5.9408855e+00
   1.3630832e+01  -1.3496976e+01
   1.3836950e+01  -9.5387347e+00
   1.5506667e+01  -1.3002270e+01
   1.4476549e+01  -1.0939410e+01
   1.4944783e+01  -6.5465490e+00
   1.6563743e+01  -7.4855539e+00
   1.5005453e+01  -4.4899009e+00
   1.2587751e+01  -8.0441279e+00
   1.2462298e+01  -7.9455292e+00
   1.4561885e+01  -9.2562978e+00
   1.4246661e+01  -1.1573026e+01
   1.3013800e+01  -8.2300251e+00
   1.2901228e+01  -9.4136997e+00
   1.3863426e+01  -7.6153302e+00
   1.3602113e+01  -7.5383976e+00
   1.4074643e+01  -1.1430497e+01
   1.3848839e+01  -9.1112836e+00
   1.3369502e+01  -7.1013099e+00
   1.5379212e+01  -9.1622746e+00
   1.2550544e+01  -1.0284327e+01
   1.2316352e+01  -6.5305630e+00
   1.3866382e+01  -1.0479384e+01
   1.1969560e+01  -7.1121570e+00
   1.3921819e+01  -1.0710817e+01
   1.2530523e+01  -1.2138548e+01
   1.5207193e+01  -9.5153482e+00
   1.1799720e+01  -8.3111061e+00
   1.6269609e+01  -6.0008861e+00
   1.5557531e+01  -1.1176378e+01
   1.4847610e+01  -7.3973894e+00
   1.4604911e+01  -1.2156738e+01
   1.4067485e+01  -5.1460157e+00
   1.3804636e+01  -8.7877574e+00
   1.3604545e+01  -7.0551092e+00
   1.5605695e+01  -9.7355730e+00
   1.4026404e+01  -1.4215355e+01
   1.4638084e+01  -6.8330479e+00
   1.5179774e+01  -1.0864758e+01
   1.3955221e+01  -7.2903673e+00
   1.4074772e+01  -7.9819302e+00
   1.3003310e+01  -9.7034749e+00
   1.3543052e+01  -5.0276771e+00
   1.3988290e+01  -9.7068039e+00
   1.3303127e+01  -1.3348598e+01
   1.3940383e+01  -7.4218148e+00
   1.2061557e+01  -1.1911485e+01
   1.4174746e+01  -1.0082117e+01
   1.3512910e+01  -1.1642711e+01
   1.4051485e+01  -1.2167965e+01
   1.4902118e+01  -7.1288908e+00
   1.4470630e+01  -7.4553392e+00
   1.3075908e+01  -8.7385791e+00
   1.3910637e+01  -5.0039440e+00
   1.3565055e+01  -9.6208349e+00
   1.4872833e+01  -9.7205524e+00
   1.4190119e+01  -1.2310109e+01
   1.5875407e+01  -4.3155610e+00
   1.3772026e+01  -7.9148489e+00
   1.4344075e+01  -6.7995753e+00
   1.4746871e+01  -9.2485039e+00
   1.4525438e+01  -3.8510834e+00
   1.4006130e+01  -1.1740847e+01
   1.3386932e+01  -9.0798349e+00
   1.3927668e+01  -1.0776279e+01
   1.4044018e+01  -1.0101937e+01
   1.4187308e+01  -5.8718149e+00
   1.3083187e+01  -6.6308030e+00
   1.4626542e+01  -1.1641622e+01
   1.3529469e+01  -1.2233678e+01
   1.3735925e+01  -5.5178623e+00
   1.5361586e+01  -1.1911584e+01
   1.4321006e+01  -9.4174324e+00
   1.5498603e+01  -8.3024280e+00
   1.4273455e+01  -1.2702149e+01
   1.5150147e+01  -9.0579039e+00
   1.2858598e+01  -1.4146623e+01
   1.3425394e+01  -1.1545039e+01
   1.4031561e+01  -1.0203395e+01
   1.4407786e+01  -6.1760562e+00
   1.2805249e+01  -6.0517913e+00
   1.6233115e+01  -1.2478783e+01
   1.4442787e+01  -6.8343670e+00
   1.2636361e+01  -9.2749349e+00
   1.3593533e+01  -8.6894883e+00
   1.1072440e+01  -1.1657200e+01
   1.4089848e+01  -1.1651290e+01
   1.3049265e+01  -7.1858585e+00
   1.3691788e+01  -4.1825917e+00
   1.4387318e+01  -3.6545456e+00
   1.5807848e+01  -1.2741273e+01
   1.1562055e+01  -9.2620469e+00
   1.2892510e+01  -9.6433201e+00
   1.3694180e+01  -1.0741932e+01
   1.3061178e+01  -8.0378104e+00
   1.4864641e+01  -5.9912920e+00
   1.4527907e+01  -9.5063048e+00
   1.5611869e+01  -1.0617271e+01
   1.4930862e+01  -7.6018495e+00
   1.3673620e+01  -4.6199398e+00
   1.4713486e+01  -1.1817184e+01
   1.4573996e+01  -6.7176202e+00
   1.2895344e+01  -8.7614209e+00
   1.4495450e+01  -1.0001293e+01
   1.2653058e+01  -1.1217306e+01
   1.3790061e+01  -1.1646334e+01
   1.3508602e+01  -6.6808044e+00
   1.3641637e+01  -1.2295025e+01
   1.2918320e+01  -5.1476157e+00
   1.2502767e+01  -1.4396399e+01
   1.3174740e+01  -8.1745216e+00
   1.3791279e+01  -7.8217027e+00
   1.3817402e+01  -9.9996458e+00
   1.3765115e+01  -9.4531666e+00
   1.5320470e+01  -4.9653078e+00
   1.5739443e+01  -1.0636546e+01
   1.1512980e+01  -7.8018241e+00
   1.4239282e+01  -7.4665960e+00
   1.4738408e+01  -6.7674669e+00
   1.4872135e+01  -1.0335284e+01
   1.4266389e+01  -7.3470876e+00
   1.3496412e+01  -1.0116195e+01
   1.4479960e+01  -9.6447838e+00
   1.4153941e+01  -9.2312020e+00
   1.3622860e+01  -9.4555498e+00
   1.4075731e+01  -6.3953475e+00
   1.4497074e+01  -1.0557922e+01
   1.4741547e+01  -5.8833185e+00
   1.4237577e+01  -1.1325317e+01
   1.6730145e+01  -7.8186231e+00
   1.4642456e+01  -8.1195964e+00
   1.3906039e+01  -1.3255836e+01
   1.4895177e+01  -9.5645607e+00
   1.1941235e+01  -7.9837479e+00
   1.4037115e+01  -9.6804979e+00
   1.4415285e+01  -7.0257895e+00
   1.3577879e+01  -1.5527839e+01
   1.2995164e+01  -4.7728004e+00
   1.4264220e+01  -6.6409586e+00
   1.5949323e+01  -6.0774424e+00
   1.3260637e+01  -8.0905767e+00
   1.4577700e+01  -9.7616043e+00
   1.3014285e+01  -1.1586864e+01
   1.5795684e+01  -8.7350404e+00
   1.3141533e+01  -8.8947761e+00
   1.5437559e+01  -1.1046628e+01
   1.3218065e+01  -9.8561097e+00
   1.3710013e+01  -4.7481412e+00
   1.5158647e+01  -8.2818084e+00
   1.4611279e+01  -9.3679299e+00
   1.6597483e+01  -1.1281017e+01
   1.3459592e+01  -9.1072109e+00
   1.3122560e+01  -7.8245736e+00
   1.4038323e+01  -5.4404180e+00
   1.5345745e+01  -6.4868785e+00
   1.2549621e+01  -6.7119590e+00
   1.4154316e+01  -1.1867835e+01
   1.5281719e+01  -1.0448155e+01
   1.2853330e+01  -9.9202520e+00
   1.3862694e+01  -1.2170633e+01
   1.4172458e+01  -2.7020312e+00
   1.5800419e+01  -6.3269547e+00
   1.4228048e+01  -5.1461871e+00
   1.3358068e+01  -7.4748400e+00
   1.4351207e+01  -6.7777627e+00
   1.4529719e+01  -5.9405000e+00
   1.3605990e+01  -8.2031588e+00
   1.6067931e+01  -5.1764844e+00
   1.3909001e+01  -1.0742797e+01
   1.3484618e+01  -6.1152878e+00
   1.3977386e+01  -1.3137979e+01
   1.5424197e+01  -1.0401198e+01
   1.4229856e+01  -6.1421700e+00
   1.4260906e+01  -1.4026117e+01
   1.3541737e+01  -6.5283801e+00
   1.4816502e+01  -9.8278158e+00
   1.3907913e+01  -7.5325248e+00
   1.4183648e+01  -9.1505295e+00
   1.4377871e+01  -1.3313181e+01
   1.3168746e+01  -1.3481525e+01
   1.4225209e+01  -9.7217077e+00
   1.4232643e+01  -3.8576160e+00
   1.4340867e+01  -1.4630522e+01
   1.3431189e+01  -9.0772264e+00
   1.3971696e+01  -8.1773569e+00
   1.3546973e+01  -6.6697681e+00
   1.4031065e+01  -1.3094061e+01
   1.2106229e+01  -6.7771880e+00
   1.4850558e+01  -8.6924239e+00
   1.3842320e+01  -1.1701038e+01
   1.3627224e+01  -9.6787101e+00
   1.3210265e+01  -8.5469674e+00
   1.4175602e+01  -1.0711264e+01
   1.2875977e+01  -6.1200827e+00
   1.6403334e+01  -3.5092334e+00
   1.3776317e+01  -1.0821876e+01
   1.4661512e+01  -7.4592650e+00
   1.2422648e+01  -9.4707387e+00
   1.4534818e+01  -1.2065617e+01
   1.2816982e+01  -7.7338691e+00
   1.2780068e+01  -1.3078163e+01
   1.4029505e+01  -8.1635757e+00
   1.3979013e+01  -4.3292497e+00
   1.5291487e+01  -1.0459608e+01
   1.2656976e+01  -8.7786728e+00
   1.3872178e+01  -1.0791615e+01
   1.2398329e+01  -7.4410811e+00
   1.4315285e+01  -1.0881274e+01
   1.3488846e+01  -7.8612763e+00
   1.3600346e+01  -1.2472241e+01
   1.2595277e+01  -1.2607942e+01
   1.5018491e+01  -1.0114920e+01
   1.3879166e+01  -7.2827104e+00
   1.3384794e+01  -6.1667148e+00
   1.4167138e+01  -9.1795452e+00
   1.5749381e+01  -9.1482840e+00
   1.5723184e+01  -7.5588327e+00
   1.4583637e+01  -1.3589346e+01
   1.2412474e+01  -9.3519213e+00
   1.4012362e+01  -8.0270577e+00
   1.4058029e+01  -8.2639612e+00
   1.4422500e+01  -1.1434219e+01
   1.3937855e+01  -1.3472457e+01
   1.5528356e+01  -1.2549219e+01
   1.3381784e+01  -1.0653165e+01
   1.4896719e+01  -9.7041079e+00
   1.3572642e+01  -1.1828465e+01
   1.3613636e+01  -8.7995603e+00
   1.2729404e+01  -1.1162189e+01
   1.2755201e+01  -8.2271046e+00
   1.2469390e+01  -1.0077497e+01
   1.5145987e+01  -1.1607533e+01
   1.3382458e+01  -1.0998992e+01
   1.2661580e+01  -1.2240788e+01
   1.4733633e+01  -1.0942065e+01
   1.4303789e+01  -1.0721841e+01
   1.3681727e+01  -5.2692590e+00
   1.3083960e+01  -1.0149510e+01
   1.4020075e+01  -7.0785674e+00
   1.5116257e+01  -9.6898674e+00
   1.2889268e+01  -7.2157275e+00
   1.3553132e+01  -7.0855950e+00
   1.3540667e+01  -1.0779891e+01
   1.5760597e+01  -1.2382378e+01
   1.3935902e+01  -1.2727157e+01
   1.4583509e+01  -1.1952781e+01
   1.4600731e+01  -7.4957850e+00
   1.5612512e+01  -1.1274285e+01
   1.5738311e+01  -1.0502846e+01
   1.2663992e+01  -5.4146080e+00
   1.3957594e+01  -1.2884499e+01
   1.3197325e+01  -9.2491081e+00
   1.2121462e+01  -9.3699929e+00
   1.4085119e+01  -6.7347186e+00
   1.4315423e+01  -1.5795177e+01
   1.5898418e+01  -8.0651091e+00
   1.4019019e+01  -1.0471941e+01
   1.4136917e+01  -5.1118000e+00
   1.5951758e+01  -1.0011915e+01
   1.4341694e+01  -1.1258469e+01
   1.4850729e+01  -1.2491764e+01
   1.4266792e+01  -6.1630095e+00
   1.2614140e+01  -8.6861964e+00
   1.4717366e+01  -5.9846907e+00
   1.4272118e+01  -6.4249610e+00
   1.3173766e+01  -8.8526236e+00
   1.4238656e+01  -1.0452845e+01
   1.3255029e+01  -7.8431895e+00
   1.4945819e+01  -6.6958540e+00
   1.3166821e+01  -1.2104316e+01
   1.4309323e+01  -1.1635629e+01
   1.1803097e+01  -7.3227128e+00
   1.4578527e+01  -8.7450233e+00
   1.3959510e+01  -7.6490070e+00
   1.4597987e+01  -5.7470355e+00
   1.4814320e+01  -7.9176043e+00
   1.3438138e+01  -1.3736529e+01
   1.3781423e+01  -1.3413175e+01
   1.4438380e+01  -7.3091556e+00
   1.5763497e+01  -3.9647290e+00
   1.4199256e+01  -8.9287005e+00
   1.3436182e+01  -9.7153633e+00
   1.3980972e+01  -1.3697773e+01
   1.4398662e+01  -8.4083775e+00
   1.3037956e+01  -7.4554531e+00
   1.5847034e+01  -8.7778874e+00
   1.3487079e+01  -9.7969363e+00
   1.4622295e+01  -9.9860400e+00
   1.4781435e+01  -5.9793044e+00
   1.0861857e+01  -9.8953285e+00
   1.2546501e+01  -1.1799056e+01
   1.3125512e+01  -1.2496532e+01
   1.3787878e+01  -1.0486577e+01
   1.4398772e+01  -1.1605745e+01
   1.2693606e+01  -5.7224968e+00
   1.6469441e+01  -1.4049907e+01
   1.3580662e+01  -1.1637358e+01
   1.2760743e+01  -4.1138982e+00
   1.3662730e+01  -8.4720373e+00
   1.5083256e+01  -9.6618502e+00
   1.3953616e+01  -9.5501799e+00
   1.3221208e+01  -1.0408094e+01
   1.3342497e+01  -5.3496477e+00
   1.4879932e+01  -5.0896140e+00
   1.3749360e+01  -1.1200692e+01
   1.3800970e+01  -1.1624512e+00
   1.2999515e+01  -6.4898210e+00
   1.4271486e+01  -1.1127663e+01
   1.3626121e+01  -1.0120248e+01
   1.3318633e+01  -9.8598959e+00
   1.4974119e+01  -4.8629858e+00
   1.3143989e+01  -7.9507697e+00
   1.3433045e+01  -7.7725237e+00
   1.3259407e+01  -7.4915105e+00
   1.3630743e+01  -1.4615575e+01
   1.5559118e+01  -3.5855771e+00
   1.4926756e+01  -1.3179140e+01
   1.3784568e+01  -6.8519656e+00
   1.5170984e+01  -1.0023410e+01
   1.3577450e+01  -3.4631997e+00
   1.4929852e+01  -6.4505717e+00
   1.3525227e+01  -1.0041984e+01
   1.6226442e+01  -6.6934826e+00
   1.4516577e+01  -1.1404053e+01
   1.3392510e+01  -1.1477518e+01
   1.5586594e+01  -7.3944710e+00
   1.4860147e+01  -3.4478205e+00
   1.3358292e+01  -8.3601875e+00
   1.4740030e+01  -5.6630596e+00
   1.3231738e+01  -3.8400330e+00
   1.3719466e+01  -9.2425844e+00
   1.3612447e+01  -9.0669278e+00
   1.4545773e+01  -7.2353618e+00
   1.3572137e+01  -1.2208633e+01
   1.4970385e+01  -1.2931659e+01
   1.5285384e+01  -8.2337111e+00
   1.3948833e+01  -9.7752075e+00
   1.3345619e+01  -1.2248859e+01
   1.5883792e+01  -8.2178123e+00
   1.4309063e+01  -9.0104983e+00
   1.3971063e+01  -6.5363682e+00
   1.2554295e+01  -8.3310675e+00
   1.2892316e+01  -5.1591169e+00
   1.3444170e+01  -1.2248303e+01
   1.3918801e+01  -9.7330428e+00
   1.3883288e+01  -1.1745435e+01
   1.5561663e+01  -1.0564377e+01
   1.6027192e+01  -7.9598492e+00
   1.3609191e+01  -1.1167648e+01
   1.4429557e+01  -1.0454402e+01
   1.5856004e+01  -1.4477688e+01
   1.4293214e+01  -9.3800167e+00
   1.3533787e+01  -9.3183322e+00
   1.4464102e+01  -9.9097972e+00
   1.4421813e+01  -1.2781104e+01
   1.4363670e+01  -8.3044512e+00
   1.2737005e+01  -8.1221913e+00
   1.4249257e+01  -9.1273820e+00
   1.4074274e+01  -8.3945222e+00
   1.2427921e+01  -5.8781145e+00
   1.1850819e+01  -9.5645778e+00
   1.2903800e+01  -9.0215249e+00
   1.3891809e+01  -8.9204383e+00
   1.1647901e+01  -1.1855841e+01
   1.4935847e+01  -6.3588616e+00
   1.4129824e+01  -7.4591424e+00
   1.4407796e+01  -1.1046249e+01
   1.4678336e+01  -1.1100991e+01
   1.4277397e+01  -8.1197177e+00
   1.3450950e+01  -7.6148364e+00
   1.4223975e+01  -1.2651209e+01
   1.3979095e+01  -9.6259504e+00
   1.3109463e+01  -7.0367261e+00
   1.3037379e+01  -1.2623838e+01
   1.2244474e+01  -5.9112144e+00
   1.5766424e+01  -1.0075355e+01
   1.1958651e+01  -3.7318843e+00
   1.3549854e+01  -6.0887453e+00
   1.3131290e+01  -9.8429386e+00
   1.3554926e+01  -1.1486631e+01
   1.4307584e+01  -1.2834481e+01
  -1.0161463e+01   1.1539408e+01
  -1.0135574e+01   1.6070517e+01
  -9.7336412e+00   1.3198462e+01
  -9.3449476e+00   1.8274785e+01
  -8.9941444e+00   1.3449405e+01
  -9.0551647e+00   1.5735305e+01
  -1.0489156e+01   1.2517648e+01
  -9.3561082e+00   1.4883880e+01
  -1.0912971e+01   1.4186940e+01
  -9.3924214e+00   1.1659840e+01
  -9.7312318e+00   1.8292709e+01
  -9.8492886e+00   7.9136282e+00
  -1.0415150e+01   1.5451325e+01
  -1.0238728e+01   1.5057628e+01
  -1.0427035e+01   1.2004607e+01
  -1.0555773e+01   1.5500319e+01
  -9.6218374e+00   1.7712969e+01
  -8.2955174e+00   1.5827291e+01
  -1.2207695e+01   2.0659230e+01
  -9.6485946e+00   1.2697372e+01
  -1.2345667e+01   1.6256470e+01
  -8.4532444e+00   1.7047907e+01
  -1.0038605e+01   1.5787097e+01
  -9.2301866e+00   1.4458714e+01
  -1.1586010e+01   1.8513608e+01
  -1.1008911e+01   1.3802571e+01
  -9.2491288e+00   1.4058211e+01
  -1.1231876e+01   1.5646633e+01
  -8.7085375e+00   1.6119310e+01
  -9.8927573e+00   1.3377940e+01
  -9.1400134e+00   1.5935680e+01
  -9.4216489e+00   1.4061504e+01
  -9.9177998e+00   1.5242370e+01
  -1.0200550e+01   1.7026893e+01
  -9.7719137e+00   1.5063832e+01
  -9.2466363e+00   1.6336010e+01
  -9.8112383e+00   1.6093570e+01
  -8.7610115e+00   1.6695277e+01
  -1.0641549e+01   1.7687146e+01
  -1.0297553e+01   1.7174688e+01
  -9.9011647e+00   1.2946341e+01
  -8.5332643e+00   2.0444924e+01
  -8.9722902e+00   1.0531619e+01
  -9.0401452e+00   1.5399962e+01
  -9.7913300e+00   1.9712458e+01
  -1.1937554e+01   1.3057905e+01
  -1.0454924e+01   1.2329055e+01
  -1.0214365e+01   1.4416655e+01
  -1.1171155e+01   1.4108458e+01
  -9.6366961e+00   1.6072596e+01
  -1.0949220e+01   1.2686205e+01
  -9.2184872e+00   1.5874479e+01
  -1.0519494e+01   1.2635752e+01
  -9.6749584e+00   1.1721469e+01
  -9.8405112e+00   1.3733975e+01
  -9.8912577e+00   1.3804792e+01
  -1.0547573e+01   1.1669690e+01
  -1.1209339e+01   1.6650265e+01
  -9.8442160e+00   1.9394622e+01
  -1.0055815e+01   1.9379737e+01
  -1.2615646e+01   1.4095897e+01
  -1.1458513e+01   1.3728097e+01
  -9.2053185e+00   1.9017517e+01
  -8.5333875e+00   1.3736036e+01
  -1.1325290e+01   1.3257844e+01
  -8.2493091e+00   1.5798503e+01
  -8.7104028e+00   1.3339690e+01
  -1.0313206e+01   2.0368887e+01
  -1.0130296e+01   1.3650080e+01
  -8.4570195e+00   1.3881929e+01
  -9.0465915e+00   1.3963198e+01
  -9.8027987e+00   1.5422517e+01
  -1.1119855e+01   1.2795052e+01
  -1.0334771e+01   1.2152200e+01
  -1.0284217e+01   1.4620163e+01
  -1.0116539e+01   1.4857484e+01
  -9.1467699e+00   1.1222776e+01
  -8.1181013e+00   1.4028746e+01
  -1.0136172e+01   1.2602111e+01
  -1.0628485e+01   1.5700402e+01
  -1.0517040e+01   1.4822482e+01
  -9.5953999e+00   1.2243895e+01
  -1.0099524e+01   1.2920950e+01
  -1.1065960e+01   1.3515634e+01
  -1.0843710e+01   1.0810327e+01
  -1.0589912e+01   1.1765191e+01
  -8.2594836e+00   1.0433334e+01
  -9.4814209e+00   1.4246269e+01
  -1.0796624e+01   1.3665254e+01
  -9.0956076e+00   1.3538647e+01
  -9.3703912e+00   1.3513031e+01
  -9.8397380e+00   9.5425877e+00
  -1.0059996e+01   1.4201569e+01
  -8.9963656e+00   9.3051046e+00
  -1.0631817e+01   1.3382780e+01
  -8.6243898e+00   1.6219505e+01
  -1.0150548e+01   1.1975986e+01
  -1.2038058e+01   1.4799193e+01
  -1.0553522e+01   9.6768424e+00
  -1.1216064e+01   1.1681324e+01
  -1.1128518e+01   1.3489150e+01
  -7.5297491e+00   1.3400754e+01
  -1.0609927e+01   1.9082306e+01
  -1.0610660e+01   1.4054841e+01
  -1.0453176e+01   2.0748787e+01
  -8.1568089e+00   1.3489636e+01
  -1.0825570e+01   1.1483069e+01
  -9.3283034e+00   1.5198513e+01
  -1.0707992e+01   1.5004306e+01
  -1.0635870e+01   1.7316905e+01
  -1.0174538e+01   1.7321360e+01
  -9.6483880e+00   1.5758518e+01
  -8.4962973e+00   1.5512166e+01
  -8.8724126e+00   1.7842832e+01
  -7.7493664e+00   1.9575291e+01
  -1.0584093e+01   1.3152962e+01
  -8.8397434e+00   1.4155656e+01
  -9.4184239e+00   1.2761026e+01
  -1.0613121e+01   1.3883483e+01
  -8.3916569e+00   1.8059114e+01
  -1.0369168e+01   1.0503024e+01
  -1.0163050e+01   1.4461265e+01
  -8.4933335e+00   1.0997730e+01
  -9.5234515e+00   1.3060590e+01
  -9.0552172e+00   1.7453451e+01
  -7.4362571e+00   1.6514446e+01
  -8.9945468e+00   1.9510099e+01
  -1.1412249e+01   1.5955872e+01
  -1.1537702e+01   1.6054471e+01
  -9.4381154e+00   1.4743702e+01
  -9.7533387e+00   1.2426974e+01
  -1.0986200e+01   1.5769975e+01
  -1.1098772e+01   1.4586300e+01
  -1.0136574e+01   1.6384670e+01
  -1.0397887e+01   1.6461602e+01
  -9.9253570e+00   1.2569503e+01
  -1.0151161e+01   1.4888716e+01
  -1.0630498e+01   1.6898690e+01
  -8.6207882e+00   1.4837725e+01
  -1.1449456e+01   1.3715673e+01
  -1.1683648e+01   1.7469437e+01
  -1.0133618e+01   1.3520616e+01
  -1.2030440e+01   1.6887843e+01
  -1.0078181e+01   1.3289183e+01
  -1.1469477e+01   1.1861452e+01
  -8.7928070e+00   1.4484652e+01
  -1.2200280e+01   1.5688894e+01
  -7.7303905e+00   1.7999114e+01
  -8.4424690e+00   1.2823622e+01
  -9.1523899e+00   1.6602611e+01
  -9.3950885e+00   1.1843262e+01
  -9.9325153e+00   1.8853984e+01
  -1.0195364e+01   1.5212243e+01
  -1.0395455e+01   1.6944891e+01
  -8.3943048e+00   1.4264427e+01
  -9.9735964e+00   9.7846448e+00
  -9.3619158e+00   1.7166952e+01
  -8.8202265e+00   1.3135242e+01
  -1.0044779e+01   1.6709633e+01
  -9.9252276e+00   1.6018070e+01
  -1.0996690e+01   1.4296525e+01
  -1.0456948e+01   1.8972323e+01
  -1.0011710e+01   1.4293196e+01
  -1.0696873e+01   1.0651402e+01
  -1.0059617e+01   1.6578185e+01
  -1.1938443e+01   1.2088515e+01
  -9.8252537e+00   1.3917883e+01
  -1.0487090e+01   1.2357289e+01
  -9.9485149e+00   1.1832035e+01
  -9.0978819e+00   1.6871109e+01
  -9.5293696e+00   1.6544661e+01
  -1.0924092e+01   1.5261421e+01
  -1.0089363e+01   1.8996056e+01
  -1.0434945e+01   1.4379165e+01
  -9.1271675e+00   1.4279448e+01
  -9.8098813e+00   1.1689891e+01
  -8.1245930e+00   1.9684439e+01
  -1.0227974e+01   1.6085151e+01
  -9.6559251e+00   1.7200425e+01
  -9.2531286e+00   1.4751496e+01
  -9.4745619e+00   2.0148917e+01
  -9.9938704e+00   1.2259153e+01
  -1.0613068e+01   1.4920165e+01
  -1.0072332e+01   1.3223721e+01
  -9.9559815e+00   1.3898063e+01
  -9.8126917e+00   1.8128185e+01
  -1.0916813e+01   1.7369197e+01
  -9.3734579e+00   1.2358378e+01
  -1.0470531e+01   1.1766322e+01
  -1.0264075e+01   1.8482138e+01
  -8.6384139e+00   1.2088416e+01
  -9.6789940e+00   1.4582568e+01
  -8.5013972e+00   1.5697572e+01
  -9.7265446e+00   1.1297851e+01
  -8.8498534e+00   1.4942096e+01
  -1.1141402e+01   9.8533771e+00
  -1.0574606e+01   1.2454961e+01
  -9.9684389e+00   1.3796605e+01
  -9.5922145e+00   1.7823944e+01
  -1.1194751e+01   1.7948209e+01
  -7.7668845e+00   1.1521217e+01
  -9.5572132e+00   1.7165633e+01
  -1.1363639e+01   1.4725065e+01
  -1.0406467e+01   1.5310512e+01
  -1.2927560e+01   1.2342800e+01
  -9.9101517e+00   1.2348710e+01
  -1.0950735e+01   1.6814141e+01
  -1.0308212e+01   1.9817408e+01
  -9.6126818e+00   2.0345454e+01
  -8.1921519e+00   1.1258727e+01
  -1.2437945e+01   1.4737953e+01
  -1.1107490e+01   1.4356680e+01
  -1.0305820e+01   1.3258068e+01
  -1.0938822e+01   1.5962190e+01
  -9.1353591e+00   1.8008708e+01
  -9.4720932e+00   1.4493695e+01
  -8.3881314e+00   1.3382729e+01
  -9.0691378e+00   1.6398150e+01
  -1.0326380e+01   1.9380060e+01
  -9.2865144e+00   1.2182816e+01
  -9.4260040e+00   1.7282380e+01
  -1.1104656e+01   1.5238579e+01
  -9.5045498e+00   1.3998707e+01
  -1.1346942e+01   1.2782694e+01
  -1.0209939e+01   1.2353666e+01
  -1.0491398e+01   1.7319196e+01
  -1.0358363e+01   1.1704975e+01
  -1.1081680e+01   1.8852384e+01
  -1.1497233e+01   9.6036013e+00
  -1.0825260e+01   1.5825478e+01
  -1.0208721e+01   1.6178297e+01
  -1.0182598e+01   1.4000354e+01
  -1.0234885e+01   1.4546833e+01
  -8.6795305e+00   1.9034692e+01
  -8.2605567e+00   1.3363454e+01
  -1.2487020e+01   1.6198176e+01
  -9.7607178e+00   1.6533404e+01
  -9.2615918e+00   1.7232533e+01
  -9.1278650e+00   1.3664716e+01
  -9.7336114e+00   1.6652912e+01
  -1.0503588e+01   1.3883805e+01
  -9.5200405e+00   1.4355216e+01
  -9.8460590e+00   1.4768798e+01
  -1.0377140e+01   1.4544450e+01
  -9.9242688e+00   1.7604652e+01
  -9.5029257e+00   1.3442078e+01
  -9.2584526e+00   1.8116681e+01
  -9.7624225e+00   1.2674683e+01
  -7.2698547e+00   1.6181377e+01
  -9.3575440e+00   1.5880404e+01
  -1.0093961e+01   1.0744164e+01
  -9.1048231e+00   1.4435439e+01
  -1.2058765e+01   1.6016252e+01
  -9.9628846e+00   1.4319502e+01
  -9.5847153e+00   1.6974210e+01
  -1.0422121e+01   8.4721612e+00
  -1.1004836e+01   1.9227200e+01
  -9.7357802e+00   1.7359041e+01
  -8.0506769e+00   1.7922558e+01
  -1.0739363e+01   1.5909423e+01
  -9.4223001e+00   1.4238396e+01
  -1.0985715e+01   1.2413136e+01
  -8.2043159e+00   1.5264960e+01
  -1.0858467e+01   1.5105224e+01
  -8.5624413e+00   1.2953372e+01
  -1.0781935e+01   1.4143890e+01
  -1.0289987e+01   1.9251859e+01
  -8.8413527e+00   1.5718192e+01
  -9.3887212e+00   1.4632070e+01
  -7.4025169e+00   1.2718983e+01
  -1.0540408e+01   1.4892789e+01
  -1.0877440e+01   1.6175426e+01
  -9.9616769e+00   1.8559582e+01
  -8.6542550e+00   1.7513121e+01
  -1.1450379e+01   1.7288041e+01
  -9.8456837e+00   1.2132165e+01
  -8.7182806e+00   1.3551845e+01
  -1.1146670e+01   1.4079748e+01
  -1.0137306e+01   1.1829367e+01
  -9.8275423e+00   2.1297969e+01
  -8.1995807e+00   1.7673045e+01
  -9.7719518e+00   1.8853813e+01
  -1.0641932e+01   1.6525160e+01
  -9.6487929e+00   1.7222237e+01
  -9.4702807e+00   1.8059500e+01
  -1.0394010e+01   1.5796841e+01
  -7.9320695e+00   1.8823516e+01
  -1.0090999e+01   1.3257203e+01
  -1.0515382e+01   1.7884712e+01
  -1.0022614e+01   1.0862021e+01
  -8.5758031e+00   1.3598802e+01
  -9.7701437e+00   1.7857830e+01
  -9.7390941e+00   9.9738825e+00
  -1.0458263e+01   1.7471620e+01
  -9.1834984e+00   1.4172184e+01
  -1.0092087e+01   1.6467475e+01
  -9.8163517e+00   1.4849470e+01
  -9.6221294e+00   1.0686819e+01
  -1.0831254e+01   1.0518475e+01
  -9.7747912e+00   1.4278292e+01
  -9.7673567e+00   2.0142384e+01
  -9.6591326e+00   9.3694776e+00
  -1.0568811e+01   1.4922774e+01
  -1.0028304e+01   1.5822643e+01
  -1.0453027e+01   1.7330232e+01
  -9.9689352e+00   1.0905939e+01
  -1.1893771e+01   1.7222812e+01
  -9.1494421e+00   1.5307576e+01
  -1.0157680e+01   1.2298962e+01
  -1.0372776e+01   1.4321290e+01
  -1.0789735e+01   1.5453033e+01
  -9.8243975e+00   1.3288736e+01
  -1.1124023e+01   1.7879917e+01
  -7.5966660e+00   2.0490767e+01
  -1.0223683e+01   1.3178124e+01
  -9.3384879e+00   1.6540735e+01
  -1.1577352e+01   1.4529261e+01
  -9.4651820e+00   1.1934383e+01
  -1.1183018e+01   1.6266131e+01
  -1.1219932e+01   1.0921837e+01
  -9.9704951e+00   1.5836424e+01
  -1.0020987e+01   1.9670750e+01
  -8.7085126e+00   1.3540392e+01
  -1.1343024e+01   1.5221327e+01
  -1.0127822e+01   1.3208385e+01
  -1.1601671e+01   1.6558919e+01
  -9.6847148e+00   1.3118726e+01
  -1.0511154e+01   1.6138724e+01
  -1.0399654e+01   1.1527759e+01
  -1.1404723e+01   1.1392058e+01
  -8.9815093e+00   1.3885080e+01
  -1.0120834e+01   1.6717290e+01
  -1.0615206e+01   1.7833285e+01
  -9.8328617e+00   1.4820455e+01
  -8.2506193e+00   1.4851716e+01
  -8.2768164e+00   1.6441167e+01
  -9.4163634e+00   1.0410654e+01
  -1.1587526e+01   1.4648079e+01
  -9.9876380e+00   1.5972942e+01
  -9.9419709e+00   1.5736039e+01
  -9.5775002e+00   1.2565781e+01
  -1.0062145e+01   1.0527543e+01
  -8.4716441e+00   1.1450781e+01
  -1.0618216e+01   1.3346835e+01
  -9.1032812e+00   1.4295892e+01
  -1.0427358e+01   1.2171535e+01
  -1.0386364e+01   1.5200440e+01
  -1.1270596e+01   1.2837811e+01
  -1.1244799e+01   1.5772895e+01
  -1.1530610e+01   1.3922503e+01
  -8.8540129e+00   1.2392467e+01
  -1.0617542e+01   1.3001008e+01
  -1.1338420e+01   1.1759212e+01
  -9.2663667e+00   1.3057935e+01
  -9.6962110e+00   1.3278159e+01
  -1.0318273e+01   1.8730741e+01
  -1.0916040e+01   1.3850490e+01
  -9.9799252e+00   1.6921433e+01
  -8.8837430e+00   1.4310133e+01
  -1.1110732e+01   1.6784272e+01
  -1.0446868e+01   1.6914405e+01
  -1.0459333e+01   1.3220109e+01
  -8.2394029e+00   1.1617622e+01
  -1.0064098e+01   1.1272843e+01
  -9.4164906e+00   1.2047219e+01
  -9.3992687e+00   1.6504215e+01
  -8.3874878e+00   1.2725715e+01
  -8.2616888e+00   1.3497154e+01
  -1.1336008e+01   1.8585392e+01
  -1.0042406e+01   1.1115501e+01
  -1.0802675e+01   1.4750892e+01
  -1.1878538e+01   1.4630007e+01
  -9.9148814e+00   1.7265281e+01
  -9.6845771e+00   8.2048234e+00
  -8.1015820e+00   1.5934891e+01
  -9.9809811e+00   1.3528059e+01
  -9.8630834e+00   1.8888200e+01
  -8.0482420e+00   1.3988085e+01
  -9.6583055e+00   1.2741531e+01
  -9.1492712e+00   1.1508236e+01
  -9.7332076e+00   1.7836990e+01
  -1.1385860e+01   1.5313804e+01
  -9.2826342e+00   1.8015309e+01
  -9.7278822e+00   1.7575039e+01
  -1.0826234e+01   1.5147376e+01
  -9.7613438e+00   1.3547155e+01
  -1.0744971e+01   1.6156810e+01
  -9.0541812e+00   1.7304146e+01
  -1.0833179e+01   1.1895684e+01
  -9.6906766e+00   1.2364371e+01
  -1.2196903e+01   1.6677287e+01
  -9.4214726e+00   1.5254977e+01
  -1.0040490e+01   1.6350993e+01
  -9.4020128e+00   1.8252965e+01
  -9.1856796e+00   1.6082396e+01
  -1.0561862e+01   1.0263471e+01
  -1.0218577e+01   1.0586825e+01
  -9.5616204e+00   1.6690844e+01
  -8.2365027e+00   2.0035271e+01
  -9.8007437e+00   1.5071300e+01
  -1.0563818e+01   1.4284637e+01
  -1.0019028e+01   1.0302227e+01
  -9.6013385e+00   1.5591623e+01
  -1.0962044e+01   1.6544547e+01
  -8.1529655e+00   1.5222113e+01
  -1.0512921e+01   1.4203064e+01
  -9.3777046e+00   1.4013960e+01
  -9.2185648e+00   1.8020696e+01
  -1.3138143e+01   1.4104672e+01
  -1.1453499e+01   1.2200944e+01
  -1.0874488e+01   1.1503468e+01
  -1.0212122e+01   1.3513423e+01
  -9.6012283e+00   1.2394255e+01
  -1.1306394e+01   1.8277503e+01
  -7.5305591e+00   9.9500935e+00
  -1.0419338e+01   1.2362642e+01
  -1.1239257e+01   1.9886102e+01
  -1.0337270e+01   1.5527963e+01
  -8.9167437e+00   1.4338150e+01
  -1.0046384e+01   1.4449820e+01
  -1.0778792e+01   1.3591906e+01
  -1.0657503e+01   1.8650352e+01
  -9.1200681e+00   1.8910386e+01
  -1.0250640e+01   1.2799308e+01
  -1.0199030e+01   2.2837549e+01
  -1.1000485e+01   1.7510179e+01
  -9.7285143e+00   1.2872337e+01
  -1.0373879e+01   1.3879752e+01
  -1.0681367e+01   1.4140104e+01
  -9.0258808e+00   1.9137014e+01
  -1.0856011e+01   1.6049230e+01
  -1.0566955e+01   1.6227476e+01
  -1.0740593e+01   1.6508490e+01
  -1.0369257e+01   9.3844255e+00
  -8.4408819e+00   2.0414423e+01
  -9.0732444e+00   1.0820860e+01
  -1.0215432e+01   1.7148034e+01
  -8.8290158e+00   1.3976590e+01
  -1.0422550e+01   2.0536800e+01
  -9.0701484e+00   1.7549428e+01
  -1.0474773e+01   1.3958016e+01
  -7.7735585e+00   1.7306517e+01
  -9.4834233e+00   1.2595947e+01
  -1.0607490e+01   1.2522482e+01
  -8.4134058e+00   1.6605529e+01
  -9.1398531e+00   2.0552179e+01
  -1.0641708e+01   1.5639812e+01
  -9.2599696e+00   1.8336940e+01
  -1.0768262e+01   2.0159967e+01
  -1.0280534e+01   1.4757416e+01
  -1.0387553e+01   1.4933072e+01
  -9.4542269e+00   1.6764638e+01
  -1.0427863e+01   1.1791367e+01
  -9.0296147e+00   1.1068341e+01
  -8.7146156e+00   1.5766289e+01
  -1.0051167e+01   1.4224792e+01
  -1.0654381e+01   1.1751141e+01
  -8.1162083e+00   1.5782188e+01
  -9.6909375e+00   1.4989502e+01
  -1.0028937e+01   1.7463632e+01
  -1.1445705e+01   1.5668933e+01
  -1.1107684e+01   1.8840883e+01
  -1.0555830e+01   1.1751697e+01
  -1.0081199e+01   1.4266957e+01
  -1.0116712e+01   1.2254565e+01
  -8.4383370e+00   1.3435623e+01
  -7.9728079e+00   1.6040151e+01
  -1.0390809e+01   1.2832352e+01
  -9.5704426e+00   1.3545598e+01
  -8.1439964e+00   9.5223125e+00
  -9.7067856e+00   1.4619983e+01
  -1.0466213e+01   1.4681668e+01
  -9.5358978e+00   1.4090203e+01
  -9.5781867e+00   1.1218896e+01
  -9.6363305e+00   1.5695549e+01
  -1.1262995e+01   1.5877809e+01
  -9.7507425e+00   1.4872618e+01
  -9.9257262e+00   1.5605478e+01
  -1.1572079e+01   1.8121885e+01
  -1.2149181e+01   1.4435422e+01
  -1.1096200e+01   1.4978475e+01
  -1.0108191e+01   1.5079562e+01
  -1.2352099e+01   1.2144159e+01
  -9.0641534e+00   1.7641138e+01
  -9.8701757e+00   1.6540858e+01
  -9.5922045e+00   1.2953751e+01
  -9.3216643e+00   1.2899009e+01
  -9.7226028e+00   1.5880282e+01
  -1.0549050e+01   1.6385164e+01
  -9.7760247e+00   1.1348791e+01
  -1.0020905e+01   1.4374050e+01
  -1.0890537e+01   1.6963274e+01
  -1.0962621e+01   1.1376162e+01
  -1.1755526e+01   1.8088786e+01
  -8.2335763e+00   1.3924645e+01
  -1.2041349e+01   2.0268116e+01
  -1.0450146e+01   1.7911255e+01
  -1.0868710e+01   1.4157061e+01
  -1.0445074e+01   1.2513369e+01
  -9.6924158e+00   1.1165519e+01
